0.000000e+00
3.928942e-05
7.857884e-05
1.178683e-04
1.571577e-04
1.964471e-04
2.357365e-04
2.750259e-04
3.143154e-04
3.536048e-04
3.928942e-04
4.321836e-04
4.714730e-04
5.107625e-04
5.500519e-04
5.893413e-04
6.286307e-04
6.679201e-04
7.072095e-04
7.464990e-04
7.857884e-04
8.250778e-04
8.643672e-04
9.036566e-04
9.429461e-04
9.822355e-04
1.021525e-03
1.060814e-03
1.100104e-03
1.139393e-03
1.178683e-03
1.217972e-03
1.257261e-03
1.296551e-03
1.335840e-03
1.375130e-03
1.414419e-03
1.453709e-03
1.492998e-03
1.532287e-03
1.571577e-03
1.610866e-03
1.650156e-03
1.689445e-03
1.728734e-03
1.768024e-03
1.807313e-03
1.846603e-03
1.885892e-03
1.925182e-03
1.964471e-03
2.003760e-03
2.043050e-03
2.082339e-03
2.121629e-03
2.160918e-03
2.200207e-03
2.239497e-03
2.278786e-03
2.318076e-03
2.357365e-03
2.396655e-03
2.435944e-03
2.475233e-03
2.514523e-03
2.553812e-03
2.593102e-03
2.632391e-03
2.671681e-03
2.710970e-03
2.750259e-03
2.789549e-03
2.828838e-03
2.868128e-03
2.907417e-03
2.946706e-03
2.985996e-03
3.025285e-03
3.064575e-03
3.103864e-03
3.143154e-03
3.182443e-03
3.221732e-03
3.261022e-03
3.300311e-03
3.339601e-03
3.378890e-03
3.418179e-03
3.457469e-03
3.496758e-03
3.536048e-03
3.575337e-03
3.614627e-03
3.653916e-03
3.693205e-03
3.732495e-03
3.771784e-03
3.811074e-03
3.850363e-03
3.889653e-03
3.928942e-03
3.968231e-03
4.007521e-03
4.046810e-03
4.086100e-03
4.125389e-03
4.164678e-03
4.203968e-03
4.243257e-03
4.282547e-03
4.321836e-03
4.361126e-03
4.400415e-03
4.439704e-03
4.478994e-03
4.518283e-03
4.557573e-03
4.596862e-03
4.636151e-03
4.675441e-03
4.714730e-03
4.754020e-03
4.793309e-03
4.832599e-03
4.871888e-03
4.911177e-03
4.950467e-03
4.989756e-03
5.029046e-03
5.068335e-03
5.107625e-03
5.146914e-03
5.186203e-03
5.225493e-03
5.264782e-03
5.304072e-03
5.343361e-03
5.382650e-03
5.421940e-03
5.461229e-03
5.500519e-03
5.539808e-03
5.579098e-03
5.618387e-03
5.657676e-03
5.696966e-03
5.736255e-03
5.775545e-03
5.814834e-03
5.854123e-03
5.893413e-03
5.932702e-03
5.971992e-03
6.011281e-03
6.050571e-03
6.089860e-03
6.129149e-03
6.168439e-03
6.207728e-03
6.247018e-03
6.286307e-03
6.325597e-03
6.364886e-03
6.404175e-03
6.443465e-03
6.482754e-03
6.522044e-03
6.561333e-03
6.600622e-03
6.639912e-03
6.679201e-03
6.718491e-03
6.757780e-03
6.797070e-03
6.836359e-03
6.875648e-03
6.914938e-03
6.954227e-03
6.993517e-03
7.032806e-03
7.072095e-03
7.111385e-03
7.150674e-03
7.189964e-03
7.229253e-03
7.268543e-03
7.307832e-03
7.347121e-03
7.386411e-03
7.425700e-03
7.464990e-03
7.504279e-03
7.543569e-03
7.582858e-03
7.622147e-03
7.661437e-03
7.700726e-03
7.740016e-03
7.779305e-03
7.818594e-03
7.857884e-03
7.897173e-03
7.936463e-03
7.975752e-03
8.015042e-03
8.054331e-03
8.093620e-03
8.132910e-03
8.172199e-03
8.211489e-03
8.250778e-03
8.290067e-03
8.329357e-03
8.368646e-03
8.407936e-03
8.447225e-03
8.486515e-03
8.525804e-03
8.565093e-03
8.604383e-03
8.643672e-03
8.682962e-03
8.722251e-03
8.761541e-03
8.800830e-03
8.840119e-03
8.879409e-03
8.918698e-03
8.957988e-03
8.997277e-03
9.036566e-03
9.075856e-03
9.115145e-03
9.154435e-03
9.193724e-03
9.233014e-03
9.272303e-03
9.311592e-03
9.350882e-03
9.390171e-03
9.429461e-03
9.468750e-03
9.508039e-03
9.547329e-03
9.586618e-03
9.625908e-03
9.665197e-03
9.704487e-03
9.743776e-03
9.783065e-03
9.822355e-03
9.861644e-03
9.900934e-03
9.940223e-03
9.979513e-03
1.001880e-02
1.005809e-02
1.009738e-02
1.013667e-02
1.017596e-02
1.021525e-02
1.025454e-02
1.029383e-02
1.033312e-02
1.037241e-02
1.041170e-02
1.045099e-02
1.049027e-02
1.052956e-02
1.056885e-02
1.060814e-02
1.064743e-02
1.068672e-02
1.072601e-02
1.076530e-02
1.080459e-02
1.084388e-02
1.088317e-02
1.092246e-02
1.096175e-02
1.100104e-02
1.104033e-02
1.107962e-02
1.111891e-02
1.115820e-02
1.119748e-02
1.123677e-02
1.127606e-02
1.131535e-02
1.135464e-02
1.139393e-02
1.143322e-02
1.147251e-02
1.151180e-02
1.155109e-02
1.159038e-02
1.162967e-02
1.166896e-02
1.170825e-02
1.174754e-02
1.178683e-02
1.182612e-02
1.186540e-02
1.190469e-02
1.194398e-02
1.198327e-02
1.202256e-02
1.206185e-02
1.210114e-02
1.214043e-02
1.217972e-02
1.221901e-02
1.225830e-02
1.229759e-02
1.233688e-02
1.237617e-02
1.241546e-02
1.245475e-02
1.249404e-02
1.253332e-02
1.257261e-02
1.261190e-02
1.265119e-02
1.269048e-02
1.272977e-02
1.276906e-02
1.280835e-02
1.284764e-02
1.288693e-02
1.292622e-02
1.296551e-02
1.300480e-02
1.304409e-02
1.308338e-02
1.312267e-02
1.316196e-02
1.320124e-02
1.324053e-02
1.327982e-02
1.331911e-02
1.335840e-02
1.339769e-02
1.343698e-02
1.347627e-02
1.351556e-02
1.355485e-02
1.359414e-02
1.363343e-02
1.367272e-02
1.371201e-02
1.375130e-02
1.379059e-02
1.382988e-02
1.386917e-02
1.390845e-02
1.394774e-02
1.398703e-02
1.402632e-02
1.406561e-02
1.410490e-02
1.414419e-02
1.418348e-02
1.422277e-02
1.426206e-02
1.430135e-02
1.434064e-02
1.437993e-02
1.441922e-02
1.445851e-02
1.449780e-02
1.453709e-02
1.457637e-02
1.461566e-02
1.465495e-02
1.469424e-02
1.473353e-02
1.477282e-02
1.481211e-02
1.485140e-02
1.489069e-02
1.492998e-02
1.496927e-02
1.500856e-02
1.504785e-02
1.508714e-02
1.512643e-02
1.516572e-02
1.520501e-02
1.524429e-02
1.528358e-02
1.532287e-02
1.536216e-02
1.540145e-02
1.544074e-02
1.548003e-02
1.551932e-02
1.555861e-02
1.559790e-02
1.563719e-02
1.567648e-02
1.571577e-02
1.575506e-02
1.579435e-02
1.583364e-02
1.587293e-02
1.591221e-02
1.595150e-02
1.599079e-02
1.603008e-02
1.606937e-02
1.610866e-02
1.614795e-02
1.618724e-02
1.622653e-02
1.626582e-02
1.630511e-02
1.634440e-02
1.638369e-02
1.642298e-02
1.646227e-02
1.650156e-02
1.654085e-02
1.658013e-02
1.661942e-02
1.665871e-02
1.669800e-02
1.673729e-02
1.677658e-02
1.681587e-02
1.685516e-02
1.689445e-02
1.693374e-02
1.697303e-02
1.701232e-02
1.705161e-02
1.709090e-02
1.713019e-02
1.716948e-02
1.720877e-02
1.724806e-02
1.728734e-02
1.732663e-02
1.736592e-02
1.740521e-02
1.744450e-02
1.748379e-02
1.752308e-02
1.756237e-02
1.760166e-02
1.764095e-02
1.768024e-02
1.771953e-02
1.775882e-02
1.779811e-02
1.783740e-02
1.787669e-02
1.791598e-02
1.795526e-02
1.799455e-02
1.803384e-02
1.807313e-02
1.811242e-02
1.815171e-02
1.819100e-02
1.823029e-02
1.826958e-02
1.830887e-02
1.834816e-02
1.838745e-02
1.842674e-02
1.846603e-02
1.850532e-02
1.854461e-02
1.858390e-02
1.862318e-02
1.866247e-02
1.870176e-02
1.874105e-02
1.878034e-02
1.881963e-02
1.885892e-02
1.889821e-02
1.893750e-02
1.897679e-02
1.901608e-02
1.905537e-02
1.909466e-02
1.913395e-02
1.917324e-02
1.921253e-02
1.925182e-02
1.929110e-02
1.933039e-02
1.936968e-02
1.940897e-02
1.944826e-02
1.948755e-02
1.952684e-02
1.956613e-02
1.960542e-02
1.964471e-02
1.968400e-02
1.972329e-02
1.976258e-02
1.980187e-02
1.984116e-02
1.988045e-02
1.991974e-02
1.995903e-02
1.999831e-02
2.003760e-02
2.007689e-02
2.011618e-02
2.015547e-02
2.019476e-02
2.023405e-02
2.027334e-02
2.031263e-02
2.035192e-02
2.039121e-02
2.043050e-02
2.046979e-02
2.050908e-02
2.054837e-02
2.058766e-02
2.062695e-02
2.066623e-02
2.070552e-02
2.074481e-02
2.078410e-02
2.082339e-02
2.086268e-02
2.090197e-02
2.094126e-02
2.098055e-02
2.101984e-02
2.105913e-02
2.109842e-02
2.113771e-02
2.117700e-02
2.121629e-02
2.125558e-02
2.129487e-02
2.133415e-02
2.137344e-02
2.141273e-02
2.145202e-02
2.149131e-02
2.153060e-02
2.156989e-02
2.160918e-02
2.164847e-02
2.168776e-02
2.172705e-02
2.176634e-02
2.180563e-02
2.184492e-02
2.188421e-02
2.192350e-02
2.196279e-02
2.200207e-02
2.204136e-02
2.208065e-02
2.211994e-02
2.215923e-02
2.219852e-02
2.223781e-02
2.227710e-02
2.231639e-02
2.235568e-02
2.239497e-02
2.243426e-02
2.247355e-02
2.251284e-02
2.255213e-02
2.259142e-02
2.263071e-02
2.267000e-02
2.270928e-02
2.274857e-02
2.278786e-02
2.282715e-02
2.286644e-02
2.290573e-02
2.294502e-02
2.298431e-02
2.302360e-02
2.306289e-02
2.310218e-02
2.314147e-02
2.318076e-02
2.322005e-02
2.325934e-02
2.329863e-02
2.333792e-02
2.337720e-02
2.341649e-02
2.345578e-02
2.349507e-02
2.353436e-02
2.357365e-02
2.361294e-02
2.365223e-02
2.369152e-02
2.373081e-02
2.377010e-02
2.380939e-02
2.384868e-02
2.388797e-02
2.392726e-02
2.396655e-02
2.400584e-02
2.404512e-02
2.408441e-02
2.412370e-02
2.416299e-02
2.420228e-02
2.424157e-02
2.428086e-02
2.432015e-02
2.435944e-02
2.439873e-02
2.443802e-02
2.447731e-02
2.451660e-02
2.455589e-02
2.459518e-02
2.463447e-02
2.467376e-02
2.471304e-02
2.475233e-02
2.479162e-02
2.483091e-02
2.487020e-02
2.490949e-02
2.494878e-02
2.498807e-02
2.502736e-02
2.506665e-02
2.510594e-02
2.514523e-02
2.518452e-02
2.522381e-02
2.526310e-02
2.530239e-02
2.534168e-02
2.538096e-02
2.542025e-02
2.545954e-02
2.549883e-02
2.553812e-02
2.557741e-02
2.561670e-02
2.565599e-02
2.569528e-02
2.573457e-02
2.577386e-02
2.581315e-02
2.585244e-02
2.589173e-02
2.593102e-02
2.597031e-02
2.600960e-02
2.604889e-02
2.608817e-02
2.612746e-02
2.616675e-02
2.620604e-02
2.624533e-02
2.628462e-02
2.632391e-02
2.636320e-02
2.640249e-02
2.644178e-02
2.648107e-02
2.652036e-02
2.655965e-02
2.659894e-02
2.663823e-02
2.667752e-02
2.671681e-02
2.675609e-02
2.679538e-02
2.683467e-02
2.687396e-02
2.691325e-02
2.695254e-02
2.699183e-02
2.703112e-02
2.707041e-02
2.710970e-02
2.714899e-02
2.718828e-02
2.722757e-02
2.726686e-02
2.730615e-02
2.734544e-02
2.738473e-02
2.742401e-02
2.746330e-02
2.750259e-02
2.754188e-02
2.758117e-02
2.762046e-02
2.765975e-02
2.769904e-02
2.773833e-02
2.777762e-02
2.781691e-02
2.785620e-02
2.789549e-02
2.793478e-02
2.797407e-02
2.801336e-02
2.805265e-02
2.809193e-02
2.813122e-02
2.817051e-02
2.820980e-02
2.824909e-02
2.828838e-02
2.832767e-02
2.836696e-02
2.840625e-02
2.844554e-02
2.848483e-02
2.852412e-02
2.856341e-02
2.860270e-02
2.864199e-02
2.868128e-02
2.872057e-02
2.875986e-02
2.879914e-02
2.883843e-02
2.887772e-02
2.891701e-02
2.895630e-02
2.899559e-02
2.903488e-02
2.907417e-02
2.911346e-02
2.915275e-02
2.919204e-02
2.923133e-02
2.927062e-02
2.930991e-02
2.934920e-02
2.938849e-02
2.942778e-02
2.946706e-02
2.950635e-02
2.954564e-02
2.958493e-02
2.962422e-02
2.966351e-02
2.970280e-02
2.974209e-02
2.978138e-02
2.982067e-02
2.985996e-02
2.989925e-02
2.993854e-02
2.997783e-02
3.001712e-02
3.005641e-02
3.009570e-02
3.013498e-02
3.017427e-02
3.021356e-02
3.025285e-02
3.029214e-02
3.033143e-02
3.037072e-02
3.041001e-02
3.044930e-02
3.048859e-02
3.052788e-02
3.056717e-02
3.060646e-02
3.064575e-02
3.068504e-02
3.072433e-02
3.076362e-02
3.080290e-02
3.084219e-02
3.088148e-02
3.092077e-02
3.096006e-02
3.099935e-02
3.103864e-02
3.107793e-02
3.111722e-02
3.115651e-02
3.119580e-02
3.123509e-02
3.127438e-02
3.131367e-02
3.135296e-02
3.139225e-02
