 1.00000000E-03   5.61728408E-02   0.00000000E+00   1.61655838E+01   3.21835012E+00   0.00000000E+00  -3.35505795E-02   0.00000000E+00   3.21846670E+00   0.00000000E+00   3.35505795E-02   0.00000000E+00  -2.51875441E+00
 1.38364800E-03   7.77221515E-02   0.00000000E+00   1.61653161E+01   3.21819021E+00   0.00000000E+00  -4.64209107E-02   0.00000000E+00   3.21841340E+00   0.00000000E+00   4.64209107E-02   0.00000000E+00  -2.51867097E+00
 1.91448200E-03   1.07536702E-01   0.00000000E+00   1.61648035E+01   3.21788408E+00   0.00000000E+00  -6.42268131E-02   0.00000000E+00   3.21831135E+00   0.00000000E+00   6.42268131E-02   0.00000000E+00  -2.51851125E+00
 2.64896900E-03   1.48783899E-01   0.00000000E+00   1.61638223E+01   3.21729807E+00   0.00000000E+00  -8.88583047E-02   0.00000000E+00   3.21811599E+00   0.00000000E+00   8.88583047E-02   0.00000000E+00  -2.51820550E+00
 3.66524100E-03   2.05840642E-01   0.00000000E+00   1.61619440E+01   3.21617645E+00   0.00000000E+00  -1.22924817E-01   0.00000000E+00   3.21774204E+00   0.00000000E+00   1.22924817E-01   0.00000000E+00  -2.51762028E+00
 5.07140400E-03   2.84747678E-01   0.00000000E+00   1.61583491E+01   3.21403015E+00   0.00000000E+00  -1.70021649E-01   0.00000000E+00   3.21702632E+00   0.00000000E+00   1.70021649E-01   0.00000000E+00  -2.51650036E+00
 7.01703800E-03   3.93822833E-01   0.00000000E+00   1.61514705E+01   3.20992478E+00   0.00000000E+00  -2.35083229E-01   0.00000000E+00   3.21565684E+00   0.00000000E+00   2.35083229E-01   0.00000000E+00  -2.51435802E+00
 9.70911100E-03   5.44468367E-01   0.00000000E+00   1.61383152E+01   3.20207866E+00   0.00000000E+00  -3.24831015E-01   0.00000000E+00   3.21303768E+00   0.00000000E+00   3.24831015E-01   0.00000000E+00  -2.51026292E+00
 1.34339900E-02   7.52179084E-01   0.00000000E+00   1.61131792E+01   3.18710686E+00   0.00000000E+00  -4.48285598E-01   0.00000000E+00   3.20803328E+00   0.00000000E+00   4.48285598E-01   0.00000000E+00  -2.50244614E+00
 1.85879200E-02   1.03765496E+00   0.00000000E+00   1.60652385E+01   3.15862378E+00   0.00000000E+00  -6.17196981E-01   0.00000000E+00   3.19848858E+00   0.00000000E+00   6.17196981E-01   0.00000000E+00  -2.48756570E+00
 2.57191400E-02   1.42760582E+00   0.00000000E+00   1.59741174E+01   3.10474661E+00   0.00000000E+00  -8.45925791E-01   0.00000000E+00   3.18034694E+00   0.00000000E+00   8.45925791E-01   0.00000000E+00  -2.45938443E+00
 3.55862400E-02   1.95402714E+00   0.00000000E+00   1.58020522E+01   3.00394337E+00   0.00000000E+00  -1.14952643E+00   0.00000000E+00   3.14608984E+00   0.00000000E+00   1.14952643E+00   0.00000000E+00  -2.40653473E+00
 4.92388300E-02   2.64877660E+00   0.00000000E+00   1.54811284E+01   2.81920796E+00   0.00000000E+00  -1.53706812E+00   0.00000000E+00   3.08219590E+00   0.00000000E+00   1.53706812E+00   0.00000000E+00  -2.30924499E+00
 6.81292100E-02   3.52650078E+00   0.00000000E+00   1.48962049E+01   2.49355997E+00   0.00000000E+00  -1.99452944E+00   0.00000000E+00   2.96574129E+00   0.00000000E+00   1.99452944E+00   0.00000000E+00  -2.13624832E+00
 9.42668500E-02   4.54461404E+00   0.00000000E+00   1.38740424E+01   1.95925330E+00   0.00000000E+00  -2.45138613E+00   0.00000000E+00   2.76223512E+00   0.00000000E+00   2.45138613E+00   0.00000000E+00  -1.84753895E+00
 1.30432100E-01   5.53620436E+00   0.00000000E+00   1.22149764E+01   1.18863464E+00   0.00000000E+00  -2.74317328E+00   0.00000000E+00   2.43192546E+00   0.00000000E+00   2.74317328E+00   0.00000000E+00  -1.41674091E+00
 1.80472200E-01   6.16441294E+00   0.00000000E+00   9.82983928E+00   2.99837587E-01   0.00000000E+00  -2.64262401E+00   0.00000000E+00   1.95705956E+00   0.00000000E+00   2.64262401E+00   0.00000000E+00  -8.83133667E-01
 2.49710000E-01   6.04409857E+00   0.00000000E+00   6.96563333E+00  -4.00176461E-01   0.00000000E+00  -2.05945032E+00   0.00000000E+00   1.38681406E+00   0.00000000E+00   2.05945032E+00   0.00000000E+00  -3.86075582E-01
 3.45510700E-01   5.08779777E+00   0.00000000E+00   4.23773060E+00  -6.50675107E-01   0.00000000E+00  -1.24470025E+00   0.00000000E+00   8.43705677E-01   0.00000000E+00   1.24470025E+00   0.00000000E+00  -7.55337013E-02
 4.78065300E-01   3.68392593E+00   0.00000000E+00   2.21762788E+00  -5.30719923E-01   0.00000000E+00  -5.85260725E-01   0.00000000E+00   4.41515852E-01   0.00000000E+00   5.85260725E-01   0.00000000E+00   3.49059410E-02
 6.61474100E-01   2.35926924E+00   0.00000000E+00   1.02643078E+00  -3.11139095E-01   0.00000000E+00  -2.24272828E-01   0.00000000E+00   2.04355953E-01   0.00000000E+00   2.24272828E-01   0.00000000E+00   4.17847075E-02
 9.15247300E-01   1.38750458E+00   0.00000000E+00   4.36275651E-01  -1.50274649E-01   0.00000000E+00  -7.45626127E-02   0.00000000E+00   8.68597553E-02   0.00000000E+00   7.45626127E-02   0.00000000E+00   2.48145238E-02
 1.26638000E+00   7.74104129E-01   0.00000000E+00   1.75913977E-01  -6.48871793E-02   0.00000000E+00  -2.27045199E-02   0.00000000E+00   3.50233733E-02   0.00000000E+00   2.27045199E-02   0.00000000E+00   1.16858371E-02
 1.75222400E+00   4.18996732E-01   0.00000000E+00   6.88154599E-02  -2.63218728E-02   0.00000000E+00  -6.57325815E-03   0.00000000E+00   1.37007280E-02   0.00000000E+00   6.57325815E-03   0.00000000E+00   4.93870887E-03
 2.42446200E+00   2.23040640E-01   0.00000000E+00   2.64748572E-02  -1.03222545E-02   0.00000000E+00  -1.85091210E-03   0.00000000E+00   5.27097860E-03   0.00000000E+00   1.85091210E-03   0.00000000E+00   1.97658622E-03
 3.35460200E+00   1.17671297E-01   0.00000000E+00   1.00947262E-02  -3.97554471E-03   0.00000000E+00  -5.13467484E-04   0.00000000E+00   2.00979690E-03   0.00000000E+00   5.13467484E-04   0.00000000E+00   7.69205664E-04
 4.64158900E+00   6.17869117E-02   0.00000000E+00   3.83084704E-03  -1.51663339E-03   0.00000000E+00  -1.41320687E-04   0.00000000E+00   7.62697703E-04   0.00000000E+00   1.41320687E-04   0.00000000E+00   2.95018312E-04
 6.42232500E+00   3.23621960E-02   0.00000000E+00   1.45014260E-03  -5.75692999E-04   0.00000000E+00  -3.87338945E-05   0.00000000E+00   2.88714328E-04   0.00000000E+00   3.87338945E-05   0.00000000E+00   1.12296002E-04
 8.88623800E+00   1.69281895E-02   0.00000000E+00   5.48223411E-04  -2.17952645E-04   0.00000000E+00  -1.05932269E-05   0.00000000E+00   1.09147855E-04   0.00000000E+00   1.05932269E-05   0.00000000E+00   4.25757876E-05
 1.22954300E+01   8.84881363E-03   0.00000000E+00   2.07112510E-04  -8.24018813E-05   0.00000000E+00  -2.89380089E-06   0.00000000E+00   4.12348063E-05   0.00000000E+00   2.89380089E-06   0.00000000E+00   1.61088554E-05
 1.70125400E+01   4.62385886E-03   0.00000000E+00   7.82168669E-05  -3.11316144E-05   0.00000000E+00  -7.90043289E-07   0.00000000E+00   1.55724893E-05   0.00000000E+00   7.90043289E-07   0.00000000E+00   6.08835327E-06
 2.35393700E+01   2.41569577E-03   0.00000000E+00   2.95333294E-05  -1.17571665E-05   0.00000000E+00  -2.15623730E-07   0.00000000E+00   5.87990130E-06   0.00000000E+00   2.15623730E-07   0.00000000E+00   2.29979942E-06
 3.25702100E+01   1.26193590E-03   0.00000000E+00   1.11501765E-05  -4.43934102E-06   0.00000000E+00  -5.88397972E-08   0.00000000E+00   2.21993046E-06   0.00000000E+00   5.88397972E-08   0.00000000E+00   8.68465003E-07
 4.50657000E+01   6.59189777E-04   0.00000000E+00   4.20948870E-06  -1.67606326E-06   0.00000000E+00  -1.60549665E-08   0.00000000E+00   8.38082890E-07   0.00000000E+00   1.60549665E-08   0.00000000E+00   3.27905360E-07
 6.23550700E+01   3.44327614E-04   0.00000000E+00   1.58915071E-06  -6.32759732E-07   0.00000000E+00  -4.38054305E-09   0.00000000E+00   3.16389975E-07   0.00000000E+00   4.38054305E-09   0.00000000E+00   1.23796862E-07
 8.62774800E+01   1.79856906E-04   0.00000000E+00   5.99921841E-07  -2.38877391E-07   0.00000000E+00  -1.19518815E-09   0.00000000E+00   1.19440689E-07   0.00000000E+00   1.19518815E-09   0.00000000E+00   4.67361009E-08
 1.19377700E+02   9.39461680E-05   0.00000000E+00   2.26475313E-07  -9.01788526E-08   0.00000000E+00  -3.26091159E-10   0.00000000E+00   4.50898193E-08   0.00000000E+00   3.26091159E-10   0.00000000E+00   1.76435347E-08
 1.65176700E+02   4.90715440E-05   0.00000000E+00   8.54960288E-08  -3.40432950E-08   0.00000000E+00  -8.89692084E-11   0.00000000E+00   1.70217250E-08   0.00000000E+00   8.89692084E-11   0.00000000E+00   6.66061434E-09
